7 4 4 1
4 7 1 4
4 1 7 4
1 4 4 7



-1 1 2 3 4
0 5 6 7 8
0 0 9 10 11
0 0 0 12 13
0 0 0 0 14

1 2 3 4 5
0 6 7 8 9
0 0 10 11 12
0 0 0 13 14
0 0 0 0 15

7 6 5 4 3 2 1
6 1 1 1 1 1 1
5 1 1 2 3 4 5
4 1 2 9 9 9 9
3 1 3 9 5 2 3
2 1 4 9 2 6 6
1 1 5 9 3 6 8

Input matrix A:
 1.0000000000000000 0.5000000000000000 0.3333333333333333 0.2500000000000000 0.2000000000000000 0.1666666666666667 0.1428571428571428 0.1250000000000000 0.1111111111111111 0.1000000000000000 0.0909090909090909 0.0833333333333333
 0.5000000000000000 0.3333333333333333 0.2500000000000000 0.2000000000000000 0.1666666666666667 0.1428571428571428 0.1250000000000000 0.1111111111111111 0.1000000000000000 0.0909090909090909 0.0833333333333333 0.0769230769230769
 0.3333333333333333 0.2500000000000000 0.2000000000000000 0.1666666666666667 0.1428571428571428 0.1250000000000000 0.1111111111111111 0.1000000000000000 0.0909090909090909 0.0833333333333333 0.0769230769230769 0.0714285714285714
 0.2500000000000000 0.2000000000000000 0.1666666666666667 0.1428571428571428 0.1250000000000000 0.1111111111111111 0.1000000000000000 0.0909090909090909 0.0833333333333333 0.0769230769230769 0.0714285714285714 0.0666666666666667
 0.2000000000000000 0.1666666666666667 0.1428571428571428 0.1250000000000000 0.1111111111111111 0.1000000000000000 0.0909090909090909 0.0833333333333333 0.0769230769230769 0.0714285714285714 0.0666666666666667 0.0625000000000000
 0.1666666666666667 0.1428571428571428 0.1250000000000000 0.1111111111111111 0.1000000000000000 0.0909090909090909 0.0833333333333333 0.0769230769230769 0.0714285714285714 0.0666666666666667 0.0625000000000000 0.0588235294117647
 0.1428571428571428 0.1250000000000000 0.1111111111111111 0.1000000000000000 0.0909090909090909 0.0833333333333333 0.0769230769230769 0.0714285714285714 0.0666666666666667 0.0625000000000000 0.0588235294117647 0.0555555555555556
 0.1250000000000000 0.1111111111111111 0.1000000000000000 0.0909090909090909 0.0833333333333333 0.0769230769230769 0.0714285714285714 0.0666666666666667 0.0625000000000000 0.0588235294117647 0.0555555555555556 0.0526315789473684
 0.1111111111111111 0.1000000000000000 0.0909090909090909 0.0833333333333333 0.0769230769230769 0.0714285714285714 0.0666666666666667 0.0625000000000000 0.0588235294117647 0.0555555555555556 0.0526315789473684 0.0500000000000000
 0.1000000000000000 0.0909090909090909 0.0833333333333333 0.0769230769230769 0.0714285714285714 0.0666666666666667 0.0625000000000000 0.0588235294117647 0.0555555555555556 0.0526315789473684 0.0500000000000000 0.0476190476190476
 0.0909090909090909 0.0833333333333333 0.0769230769230769 0.0714285714285714 0.0666666666666667 0.0625000000000000 0.0588235294117647 0.0555555555555556 0.0526315789473684 0.0500000000000000 0.0476190476190476 0.0454545454545455
 0.0833333333333333 0.0769230769230769 0.0714285714285714 0.0666666666666667 0.0625000000000000 0.0588235294117647 0.0555555555555556 0.0526315789473684 0.0500000000000000 0.0476190476190476 0.0454545454545455 0.0434782608695652
Triangle: 
 1.0000000000000000 0.5000000000000000 0.3333333333333333 0.2500000000000000 0.2000000000000000 0.1666666666666667 0.1428571428571428 0.1250000000000000 0.1111111111111111 0.1000000000000000 0.0909090909090909 0.0833333333333333
            0.2886751345948129 0.2886751345948130 0.2598076211353317 0.2309401076758502 0.2061965247105806 0.1855768722395226 0.1683938285136408 0.1539600717839003 0.1417132478919990 0.1312159702703695 0.1221317877131901
                       0.0745355992499928 0.1118033988749891 0.1277753129999883 0.1330992843749876 0.1330992843749874 0.1304372986874880 0.1264846532727153 0.1219673442272614 0.1172762925262132 0.1126224713942202
                                  0.0188982236504620 0.0377964473009218 0.0524950656957239 0.0629940788348717 0.0701524968842868 0.0748293300099068 0.0777073811641329 0.0792932460858480 0.0799540231365654
                                             0.0047619047619057 0.0119047619047734 0.0194805194805134 0.0265151515151558 0.0326340326340393 0.0377622377622497 0.0419580419580630 0.0453296703296804
                                                        0.0011964735895529 0.0035894207688472 0.0067646776028027 0.0103080801566335 0.0139159082114659 0.0173948852643377 0.0206351089901418


144	-10296	240240	-2702700	17297280	-68612544	176432256	-299304720	332560800	-232792560	93117024	-16224936
-10296	981552	-25765740	309188880	-2061259200	8409937536	-22076086032	38044955520	-42800574960	30263032800	-12206089896	2141691552
240240	-25765740	721440720	-9018009000	61837776000	-257554337040	686811565440	-1198416098880	1361836476000	-970938969000	394350596640	-69604975440
-2702700	309188880	-9018009000	115945830000	-811620810000	3434057827200	-9271956133440	16342037712000	-18725251545000	13443770340000	-5492740453200	974469656160
17297280	-2061259200	61837776000	-811620810000	5771525760000	-24725216355840	67432408243200	-119841609888000	138278780640000	-99868008240000	41012462050560	-7308522421200
-68612544	8409937536	-257554337040	3434057827200	-24725216355840	106992754412544	-294230074634496	526565596677120	-611192210428800	443680271274240	-183018111900624	32742180446976
176432256	-22076086032	686811565440	-9271956133440	67432408243200	-294230074634496	814790975910912	-1466861305029120	1711338189200640	-1247850762958800	516757021837056	-92769511266432
-299304720	38044955520	-1198416098880	16342037712000	-119841609888000	526565596677120	-1466861305029120	2654320456719360	-3110531785218000	2276990587872000	-946216088737920	170392979877120
332560800	-42800574960	1361836476000	-18725251545000	138278780640000	-611192210428800	1711338189200640	-3110531785218000	3659449159080000	-2688113888460000	1120519052452800	-202341663604080
-232792560	30263032800	-970938969000	13443770340000	-99868008240000	443680271274240	-1247850762958800	2276990587872000	-2688113888460000	1980715496760000	-827939077645680	149882713780800
93117024	-12206089896	394350596640	-5492740453200	41012462050560	-183018111900624	516757021837056	-946216088737920	1120519052452800	-827939077645680	346945899203904	-62950739787936
-16224936	2141691552	-69604975440	974469656160	-7308522421200	32742180446976	-92769511266432	170392979877120	-202341663604080	149882713780800	-62950739787936	11445589052352